image_size:
  w: 4608
  h: 2592
checkerboard:
  rows_inner: 10
  cols_inner: 7
  square_mm: 15.2
rms_calibrateCamera: 1.1634652420813791
mean_reproj_error_px: 1.163464522185185
K:
- - 3463.1281870879807
  - 0.0
  - 2297.54836388341
- - 0.0
  - 3456.455616921267
  - 1294.130198102611
- - 0.0
  - 0.0
  - 1.0
dist:
- -0.008725748284259453
- 0.28952093526315253
- -0.00046507537724375383
- -0.00030713526169320995
- -0.6143388158292542
fx: 3463.1281870879807
fy: 3456.455616921267
cx: 2297.54836388341
cy: 1294.130198102611
