image_size:
  w: 4608
  h: 2592
checkerboard:
  rows_inner: 10
  cols_inner: 7
  square_mm: 24.0
rms_calibrateCamera: 1.5084632213232891
mean_reproj_error_px: 1.5084636630264971
K:
- - 3462.918005958701
  - 0.0
  - 2324.828553272431
- - 0.0
  - 3507.3874040709807
  - 1232.6466283829202
- - 0.0
  - 0.0
  - 1.0
dist:
- -0.003520261585671163
- 0.3418014213142676
- -0.0060593346041561726
- 0.002410969836875885
- -0.7217395065421577
fx: 3462.918005958701
fy: 3507.3874040709807
cx: 2324.828553272431
cy: 1232.6466283829202
